%YAML:1.0
---
rotation: !!opencv-matrix
   rows: 3
   cols: 3
   dt: d
   data: [ 9.9996846082306934e-01, -5.5412601391548509e-03,
       -5.6896217107710919e-03, 5.5174164447983785e-03,
       9.9997596753083806e-01, -4.1979133553405410e-03,
       5.7127467050563895e-03, 4.1663889442167569e-03,
       9.9997500255168847e-01 ]
translation: !!opencv-matrix
   rows: 3
   cols: 1
   dt: d
   data: [ -5.1345587597937357e-02, -2.6718070837784298e-04,
       -6.5235174986000939e-04 ]
essential: !!opencv-matrix
   rows: 3
   cols: 3
   dt: d
   data: [ 2.0729605610304596e-06, 6.5122289348720471e-04,
       -2.6991254566501261e-04, -3.5900683885344866e-04,
       2.1754053925056644e-04, 5.1348015723944415e-02,
       -1.6122707662486206e-05, -5.1345834154496096e-02,
       2.1402417075610313e-04 ]
fundamental: !!opencv-matrix
   rows: 3
   cols: 3
   dt: d
   data: [ 1.2163760709691545e-09, 3.8378768244034467e-07,
       -1.3884257603336765e-04, -2.1114764781836167e-07,
       1.2850152178762696e-07, 1.0986944400368476e-02,
       1.0428238947545746e-04, -3.2771726719725433e-02, 1. ]
