%YAML:1.0
---
rotation: !!opencv-matrix
   rows: 3
   cols: 3
   dt: d
   data: [ 9.9998550150569243e-01, -5.3793256331147428e-03,
       2.4420102735082038e-04, 5.3796953524297289e-03,
       9.9998434434153338e-01, -1.5394641108297297e-03,
       -2.3591592547028535e-04, 1.5407555180499807e-03,
       9.9999878520731700e-01 ]
translation: !!opencv-matrix
   rows: 3
   cols: 1
   dt: d
   data: [ -5.2355620563056482e-02, 1.1871387327181852e-04,
       -3.1956750209439127e-03 ]
essential: !!opencv-matrix
   rows: 3
   cols: 3
   dt: d
   data: [ 1.7163751564768659e-05, 3.1958078996025272e-03,
       1.1379410205445569e-04, -3.2079802131465170e-03,
       9.7857787838728387e-05, 5.2354776574708516e-02,
       -4.0036944071605195e-04, -5.2354162300760641e-02,
       8.0570608807230685e-05 ]
fundamental: !!opencv-matrix
   rows: 3
   cols: 3
   dt: d
   data: [ 9.6969444698951268e-09, 1.8077646389255547e-06,
       -3.5878682618568583e-04, -1.8142574813934010e-06,
       5.5411660915049393e-08, 1.1313577359072987e-02,
       7.2900212463102769e-04, -3.3635836226826935e-02, 1. ]
