%YAML:1.0
---
cameraMatrix: !!opencv-matrix
   rows: 3
   cols: 3
   dt: d
   data: [ 3.6293596165706140e+02, 0., 2.5295410505566363e+02, 0.,
       3.6136447733457032e+02, 2.1119268000406868e+02, 0., 0., 1. ]
distortionCoefficients: !!opencv-matrix
   rows: 1
   cols: 5
   dt: d
   data: [ 9.2447470893177230e-02, -2.6422122276870136e-01,
       1.4199708824901683e-04, -6.2051264259000566e-04,
       9.1307699761982650e-02 ]
rotation: !!opencv-matrix
   rows: 3
   cols: 3
   dt: d
   data: [ 1., 0., 0., 0., 1., 0., 0., 0., 1. ]
projection: !!opencv-matrix
   rows: 4
   cols: 4
   dt: d
   data: [ 3.6293596165706140e+02, 0., 2.5295410505566363e+02, 0., 0.,
       3.6136447733457032e+02, 2.1119268000406868e+02, 0., 0., 0., 1.,
       0., 0., 0., 0., 1. ]
