%YAML:1.0
---
cameraMatrix: !!opencv-matrix
   rows: 3
   cols: 3
   dt: d
   data: [ 1.0777895703186493e+03, 0., 9.3322931360161260e+02, 0.,
       1.0766868868746153e+03, 5.4118148143242684e+02, 0., 0., 1. ]
distortionCoefficients: !!opencv-matrix
   rows: 1
   cols: 5
   dt: d
   data: [ 1.1246772387252726e-01, -2.2416606412194473e-01,
       -2.6741525434083894e-03, -8.6527398464758055e-04,
       1.4145887534912083e-01 ]
rotation: !!opencv-matrix
   rows: 3
   cols: 3
   dt: d
   data: [ 1., 0., 0., 0., 1., 0., 0., 0., 1. ]
projection: !!opencv-matrix
   rows: 4
   cols: 4
   dt: d
   data: [ 1.0777895703186493e+03, 0., 9.3322931360161260e+02, 0., 0.,
       1.0766868868746153e+03, 5.4118148143242684e+02, 0., 0., 0., 1.,
       0., 0., 0., 0., 1. ]
