%YAML:1.0
---
depthShift: -1.8384609607438605e+01
