%YAML:1.0
---
cameraMatrix: !!opencv-matrix
   rows: 3
   cols: 3
   dt: d
   data: [ 3.6691695339922745e+02, 0., 2.5419932208948418e+02, 0.,
       3.6646225235104987e+02, 2.1015507151559743e+02, 0., 0., 1. ]
distortionCoefficients: !!opencv-matrix
   rows: 1
   cols: 5
   dt: d
   data: [ 1.2767829593141630e-01, -3.6981534936773930e-01,
       -1.2402817469428114e-03, -4.8910913079668310e-04,
       1.8995067211212716e-01 ]
rotation: !!opencv-matrix
   rows: 3
   cols: 3
   dt: d
   data: [ 1., 0., 0., 0., 1., 0., 0., 0., 1. ]
projection: !!opencv-matrix
   rows: 4
   cols: 4
   dt: d
   data: [ 3.6691695339922745e+02, 0., 2.5419932208948418e+02, 0., 0.,
       3.6646225235104987e+02, 2.1015507151559743e+02, 0., 0., 0., 1.,
       0., 0., 0., 0., 1. ]
