%YAML:1.0
---
depthShift: -3.7576314366805295e+00
