%YAML:1.0
---
cameraMatrix: !!opencv-matrix
   rows: 3
   cols: 3
   dt: d
   data: [ 1.0688297513007296e+03, 0., 9.3489662415391501e+02, 0.,
       1.0663550657298445e+03, 5.4715862158884443e+02, 0., 0., 1. ]
distortionCoefficients: !!opencv-matrix
   rows: 1
   cols: 5
   dt: d
   data: [ 7.9840707237489150e-02, -1.4929284715269334e-01,
       4.4761629280962802e-04, 1.1991501755607628e-04,
       6.9543549201793800e-02 ]
rotation: !!opencv-matrix
   rows: 3
   cols: 3
   dt: d
   data: [ 1., 0., 0., 0., 1., 0., 0., 0., 1. ]
projection: !!opencv-matrix
   rows: 4
   cols: 4
   dt: d
   data: [ 1.0688297513007296e+03, 0., 9.3489662415391501e+02, 0., 0.,
       1.0663550657298445e+03, 5.4715862158884443e+02, 0., 0., 0., 1.,
       0., 0., 0., 0., 1. ]
